import numpy as np
from scipy.stats import pearsonr

x = np.array([ 58295.62187335,  45420.95483714,   3398.64920064,    977.22166306, 5515.32801851,  14184.57621022,  16027.2803392 ,  15313.01865824, 6443.2448182 ])
y = np.array([ 143547.79123381,   22996.69597427,    2591.56411049, 661.93115277,    8826.96549102,   17735.13549851, 11629.13003263,   14438.33177173,    6997.89334741])

x = np.array([ 5, 4, 5, 4, 5, 4, 5, 4, 5, 4 ])
y = np.array([ 1,2,1,2,1,2,1,2,1,2])


r,p = pearsonr(x,y)

print ("r", r)

print ("p", p)

x_matrix = np.array([[ 58295.62187335,  45420.95483714,   3398.64920064,    977.22166306, 5515.32801851,  14184.57621022,  16027.2803392 ,  15313.01865824, 6443.2448182 ], [ 143547.79123381,   22996.69597427,    2591.56411049, 661.93115277,    8826.96549102,   17735.13549851, 11629.13003263,   14438.33177173,    6997.89334741], [ 143547.79123381,   22996.69597427,    2591.56411049, 661.93115277,    8826.96549102,   17735.13549851, 11629.13003263,   14438.33177173,    6997.89334741], [ 58295.62187335,  45420.95483714,   3398.64920064,    977.22166306, 5515.32801851,  14184.57621022,  16027.2803392 ,  15313.01865824, 6443.2448182 ], [ 143547.79123381,   22996.69597427,    2591.56411049, 661.93115277,    8826.96549102,   17735.13549851, 11629.13003263,   14438.33177173,    6997.89334741]])

x_matrix = np.array([[ 143547.79123381,   22996.69597427,    2591.56411049, 661.93115277,    8826.96549102,   17735.13549851, 11629.13003263,   14438.33177173,    6997.89334741], [ 58295.62187335,  45420.95483714,   3398.64920064,    977.22166306, 5515.32801851,  14184.57621022,  16027.2803392 ,  15313.01865824, 6443.2448182 ], [ 143547.79123381,   22996.69597427,    2591.56411049, 661.93115277,    8826.96549102,   17735.13549851, 11629.13003263,   14438.33177173,    6997.89334741], [ 143547.79123381,   22996.69597427,    2591.56411049, 661.93115277,    8826.96549102,   17735.13549851, 11629.13003263,   14438.33177173,    6997.89334741], [ 58295.62187335,  45420.95483714,   3398.64920064,    977.22166306, 5515.32801851,  14184.57621022,  16027.2803392 ,  15313.01865824, 6443.2448182 ]])


x_matrix = np.transpose(x_matrix)
print('x_matrix shape: ', x_matrix.shape)


y_matrix = np.array([[ 143547.79123381,   22996.69597427,    2591.56411049, 661.93115277,    8826.96549102,   17735.13549851, 11629.13003263,   14438.33177173,    6997.89334741], [ 58295.62187335,  45420.95483714,   3398.64920064,    977.22166306, 5515.32801851,  14184.57621022,  16027.2803392 ,  15313.01865824, 6443.2448182 ], [ 143547.79123381,   22996.69597427,    2591.56411049, 661.93115277,    8826.96549102,   17735.13549851, 11629.13003263,   14438.33177173,    6997.89334741]])

y_matrix = np.transpose(y_matrix)

y_matrix_negative = -y_matrix
print('y_matrix shape: ', y_matrix.shape)
# print ('correlation matrix: \n', np.corrcoef(x_matrix, rowvar=False))
print ('y correlation matrix: \n', np.corrcoef(y_matrix, rowvar=False))
print ('y and -y correlation matrix: \n', np.corrcoef(y_matrix, y_matrix_negative, rowvar=False))
print ('y and y correlation matrix: \n', np.corrcoef(y_matrix, y_matrix, rowvar=False))

y_matrix_two_var = np.array([[ 143547.79123381,   22996.69597427,    2591.56411049, 661.93115277,    8826.96549102,   17735.13549851, 11629.13003263,   14438.33177173,    6997.89334741], [ 58295.62187335,  45420.95483714,   3398.64920064,    977.22166306, 5515.32801851,  14184.57621022,  16027.2803392 ,  15313.01865824, 6443.2448182 ]])

print ('y_matrix_two_var shape: ', y_matrix_two_var.shape)
print ('y and y  two var correlation matrix: \n', np.corrcoef(y_matrix_two_var, y_matrix_two_var, rowvar=False))
print ('y and y  two var correlation matrix: \n', np.corrcoef(y_matrix_two_var, y_matrix_two_var, rowvar=False).shape)

y_matrix_three_var = np.array([[ 143547.79123381,   22996.69597427,    2591.56411049, 661.93115277,    8826.96549102,   17735.13549851, 11629.13003263,   14438.33177173,    6997.89334741], [ 58295.62187335,  45420.95483714,   3398.64920064,    977.22166306, 5515.32801851,  14184.57621022,  16027.2803392 ,  15313.01865824, 6443.2448182 ], [ 143547.79123381,   22996.69597427,    2591.56411049, 661.93115277,    8826.96549102,   17735.13549851, 11629.13003263,   14438.33177173,    6997.89334741]])

print ('y_matrix_three_var shape: ', y_matrix_three_var.shape)
print ('y and y  three var correlation matrix: \n', np.corrcoef(y_matrix_three_var, y_matrix_three_var, rowvar=False))
print ('y and y  three var correlation matrix: \n', np.corrcoef(y_matrix_three_var, y_matrix_three_var, rowvar=False).shape)

y_matrix_eight_var = np.array([[ 143547.79123381,   22996.69597427,    2591.56411049, 661.93115277,    8826.96549102,   17735.13549851, 11629.13003263,   14438.33177173,    6997.89334741], [ 58295.62187335,  45420.95483714,   3398.64920064,    977.22166306, 5515.32801851,  14184.57621022,  16027.2803392 ,  15313.01865824, 6443.2448182 ], [ 143547.79123381,   22996.69597427,    2591.56411049, 661.93115277,    8826.96549102,   17735.13549851, 11629.13003263,   14438.33177173,    6997.89334741], [ 143547.79123381,   22996.69597427,    2591.56411049, 661.93115277,    8826.96549102,   17735.13549851, 11629.13003263,   14438.33177173,    6997.89334741], [ 58295.62187335,  45420.95483714,   3398.64920064,    977.22166306, 5515.32801851,  14184.57621022,  16027.2803392 ,  15313.01865824, 6443.2448182 ], [ 58295.62187335,  45420.95483714,   3398.64920064,    977.22166306, 5515.32801851,  14184.57621022,  16027.2803392 ,  15313.01865824, 6443.2448182 ], [ 143547.79123381,   22996.69597427,    2591.56411049, 661.93115277,    8826.96549102,   17735.13549851, 11629.13003263,   14438.33177173,    6997.89334741], [ 143547.79123381,   22996.69597427,    2591.56411049, 661.93115277,    8826.96549102,   17735.13549851, 11629.13003263,   14438.33177173,    6997.89334741], [ 58295.62187335,  45420.95483714,   3398.64920064,    977.22166306, 5515.32801851,  14184.57621022,  16027.2803392 ,  15313.01865824, 6443.2448182 ], [ 1,   2,    2, 6,    8,   1, 1,   14,    6]])

print ('y_matrix_eight_var shape: ', y_matrix_eight_var.shape)
print ('y_matrix_eight_var: ', y_matrix_eight_var)
print ('y and y  eight var correlation matrix: \n', np.corrcoef(y_matrix_eight_var, y_matrix_eight_var, rowvar=False))
print ('y and y  eight var correlation matrix: \n', np.corrcoef(y_matrix_eight_var, y_matrix_eight_var, rowvar=False).shape)

y_matrix_one_var = np.array([[ 143547.79123381,   22996.69597427,    2591.56411049, 661.93115277,    8826.96549102,   17735.13549851, 11629.13003263,   14438.33177173,    6997.89334741] ])

print ('y_matrix_one_var shape: ', y_matrix_one_var.shape)
print ('y and y one var correlation matrix: \n', np.corrcoef(y_matrix_one_var, y_matrix_one_var, rowvar=False))
print ('y and y one var correlation matrix: \n', np.corrcoef(y_matrix_one_var, y_matrix_one_var, rowvar=False).shape)

z_matrix = np.array([[ 10., 10., 10., 10., 10., 10., 10., 10., 10., 10.], [ 20., 20., 20., 20., 20., 20., 20., 20., 20., 20.], [ 30., 30., 30., 30., 30., 30., 30., 30., 30., 30.] ])
z_matrix = np.transpose(z_matrix)
print ('z_matrix correlation matrix: \n', np.corrcoef(z_matrix, rowvar=False))


